地名,センター,燃やせるごみ,燃やせないごみ,プラスチック製容器包装,缶・びん・ペットボトル,新聞紙,雑誌・ダンボール・紙パック
藍場町,東部業務課,月 木,20160406 20160504 20160601 20160629 20160727 20160824 20160921 20161019 20161116 *4,20160330 20160413 20160427 20160511 20160525 20160608 20160622 20160706 20160720 20160803 20160817 20160831 20160914 20160928 *3,20160329 20160412 20160426 20160510 20160524 20160607 20160621 20160705 20160719 20160802 20160816 20160830 20160913 20160927 *2,20160422 20160520 20160617 20160715 20160812 20160909 20161007 20161104 20161202 *6,20160408 20160506 20160603 20160701 20160729 20160826 20160923 20161021 20161118 *6
秋田町,東部業務課,火 金,20160413 20160511 20160608 20160706 20160803 20160831 20160928 20161026 20161123 *4,20160406 20160420 20160504 20160518 20160601 20160615 20160629 20160713 20160727 20160810 20160824 20160907 20160921 *3,20160328 20160411 20160425 20160509 20160523 20160606 20160620 20160704 20160718 20160801 20160815 20160829 20160912 20160926 *1,20160331 20160428 20160526 20160623 20160721 20160818 20160915 20161013 20161110 *5,20160414 20160512 20160609 20160707 20160804 20160901 20160929 20161027 20161124 *5
鮎喰町,西部業務課,月 木,20160420 20160518 20160615 20160713 20160810 20160907 20161005 20161102 20161130 *4,20160330 20160413 20160427 20160511 20160525 20160608 20160622 20160706 20160720 20160803 20160817 20160831 20160914 20160928 *3,20160405 20160419 20160503 20160517 20160531 20160614 20160628 20160712 20160726 20160809 20160823 20160906 20160920 *2,20160415 20160513 20160610 20160708 20160805 20160902 20160930 20161028 20161125 *6,20160401 20160429 20160527 20160624 20160722 20160819 20160916 20161014 20161111 *6
安宅,東部業務課,月 木,20160406 20160504 20160601 20160629 20160727 20160824 20160921 20161019 20161116 *4,20160330 20160413 20160427 20160511 20160525 20160608 20160622 20160706 20160720 20160803 20160817 20160831 20160914 20160928 *3,20160412 20160420 20160510 20160524 20160607 20160621 20160705 20160719 20160802 20160816 20160830 *2,20160422 20160520 20160617 20160715 20160812 20160909 20161007 20161104 20161202 *6,20160408 20160506 20160603 20160701 20160729 20160826 20160923 20161021 20161118 *6
飯谷町,東部業務課,火 金,20160330 20160427 20160525 20160622 20160720 20160817 20160914 20161012 20161109 *4,20160406 20160420 20160504 20160518 20160601 20160615 20160629 20160713 20160727 20160810 20160824 20160907 20160921 *3,20160404 20160418 20160502 20160516 20160530 20160613 20160627 20160711 20160725 20160808 20160822 20160905 20160919 *1,20160421 20160519 20160616 20160714 20160811 20160908 20161006 20161103 20161201 *5,20160407 20160505 20160602 20160630 20160728 20160825 20160922 20161020 20161117 *5
伊賀町,東部業務課,火 金,20160413 20160511 20160608 20160706 20160803 20160831 20160928 20161026 20161123 *4,20160406 20160420 20160504 20160518 20160601 20160615 20160629 20160713 20160727 20160810 20160824 20160907 20160921 *3,20160328 20160411 20160425 20160509 20160523 20160606 20160620 20160704 20160718 20160801 20160815 20160829 20160912 20160926 *1,20160331 20160428 20160526 20160623 20160721 20160818 20160915 20161013 20161110 *5,20160414 20160512 20160609 20160707 20160804 20160901 20160929 20161027 20161124 *5
一宮町,西部業務課,月 木,20160406 20160504 20160601 20160629 20160727 20160824 20160921 20161019 20161116 *4,20160330 20160413 20160427 20160511 20160525 20160608 20160622 20160706 20160720 20160803 20160817 20160831 20160914 20160928 *3,20160329 20160412 20160426 20160510 20160524 20160607 20160621 20160705 20160719 20160802 20160816 20160830 20160913 20160927 *2,20160422 20160520 20160617 20160715 20160812 20160909 20161007 20161104 20161202 *6,20160408 20160506 20160603 20160701 20160729 20160826 20160923 20161021 20161118 *6
一番町,東部業務課,月 木,20160406 20160504 20160601 20160629 20160727 20160824 20160921 20161019 20161116 *4,20160330 20160413 20160427 20160511 20160525 20160608 20160622 20160706 20160720 20160803 20160817 20160831 20160914 20160928 *3,20160329 20160412 20160426 20160510 20160524 20160607 20160621 20160705 20160719 20160802 20160816 20160830 20160913 20160927 *2,20160422 20160520 20160617 20160715 20160812 20160909 20161007 20161104 20161202 *6,20160408 20160506 20160603 20160701 20160729 20160826 20160923 20161021 20161118 *6
伊月町,東部業務課,火 金,20160413 20160511 20160608 20160706 20160803 20160831 20160928 20161026 20161123 *4,20160406 20160420 20160504 20160518 20160601 20160615 20160629 20160713 20160727 20160810 20160824 20160907 20160921 *3,20160328 20160411 20160425 20160509 20160523 20160606 20160620 20160704 20160718 20160801 20160815 20160829 20160912 20160926 *1,20160331 20160428 20160526 20160623 20160721 20160818 20160915 20161013 20161110 *5,20160414 20160512 20160609 20160707 20160804 20160901 20160929 20161027 20161124 *5
応神町（県道39号線から西側）,西部業務課,月 木,20160406 20160504 20160601 20160629 20160727 20160824 20160921 20161019 20161116 *4,20160330 20160413 20160427 20160511 20160525 20160608 20160622 20160706 20160720 20160803 20160817 20160831 20160914 20160928 *3,20160329 20160412 20160426 20160510 20160524 20160607 20160621 20160705 20160719 20160802 20160816 20160830 20160913 20160927 *2,20160422 20160520 20160617 20160715 20160812 20160909 20161007 20161104 20161202 *6,20160408 20160506 20160603 20160701 20160729 20160826 20160923 20161021 20161118 *6
応神町（県道39号線から東側）,西部業務課,火 金,20160413 20160511 20160608 20160706 20160803 20160831 20160928 20161026 20161123 *4,20160406 20160420 20160504 20160518 20160601 20160615 20160629 20160713 20160727 20160810 20160824 20160907 20160921 *3,20160328 20160411 20160425 20160509 20160523 20160606 20160620 20160704 20160718 20160801 20160815 20160829 20160912 20160926 *1,20160331 20160428 20160526 20160623 20160721 20160818 20160915 20161013 20161110 *5,20160414 20160512 20160609 20160707 20160804 20160901 20160929 20161027 20161124 *5
大谷町,東部業務課,火 金,20160330 20160427 20160525 20160622 20160720 20160817 20160914 20161012 20161109 *4,20160406 20160420 20160504 20160518 20160601 20160615 20160629 20160713 20160727 20160810 20160824 20160907 20160921 *3,20160404 20160418 20160502 20160516 20160530 20160613 20160627 20160711 20160725 20160808 20160822 20160905 20160919 *1,20160421 20160519 20160616 20160714 20160811 20160908 20161006 20161103 20161201 *5,20160407 20160505 20160602 20160630 20160728 20160825 20160922 20161020 20161117 *5
大原町（ただし、大神子・小神子・小神子山を除く）,東部業務課,月 木,20160420 20160518 20160615 20160713 20160810 20160907 20161005 20161102 20161130 *4,20160330 20160413 20160427 20160511 20160525 20160608 20160622 20160706 20160720 20160803 20160817 20160831 20160914 20160928 *3,20160405 20160419 20160503 20160517 20160531 20160614 20160628 20160712 20160726 20160809 20160823 20160906 20160920 *2,20160415 20160513 20160610 20160708 20160805 20160902 20160930 20161028 20161125 *6,20160401 20160429 20160527 20160624 20160722 20160819 20160916 20161014 20161111 *6
大原町大神子・小神子・小神子山,東部業務課,火 金,20160413 20160511 20160608 20160706 20160803 20160831 20160928 20161026 20161123 *4,20160406 20160420 20160504 20160518 20160601 20160615 20160629 20160713 20160727 20160810 20160824 20160907 20160921 *3,20160328 20160411 20160425 20160509 20160523 20160606 20160620 20160704 20160718 20160801 20160815 20160829 20160912 20160926 *1,20160331 20160428 20160526 20160623 20160721 20160818 20160915 20161013 20161110 *5,20160414 20160512 20160609 20160707 20160804 20160901 20160929 20161027 20161124 *5
大松町,東部業務課,火 金,20160330 20160427 20160525 20160622 20160720 20160817 20160914 20161012 20161109 *4,20160406 20160420 20160504 20160518 20160601 20160615 20160629 20160713 20160727 20160810 20160824 20160907 20160921 *3,20160404 20160418 20160502 20160516 20160530 20160613 20160627 20160711 20160725 20160808 20160822 20160905 20160919 *1,20160421 20160519 20160616 20160714 20160811 20160908 20161006 20161103 20161201 *5,20160407 20160505 20160602 20160630 20160728 20160825 20160922 20161020 20161117 *5
大道,東部業務課,火 金,20160413 20160511 20160608 20160706 20160803 20160831 20160928 20161026 20161123 *4,20160406 20160420 20160504 20160518 20160601 20160615 20160629 20160713 20160727 20160810 20160824 20160907 20160921 *3,20160328 20160411 20160425 20160509 20160523 20160606 20160620 20160704 20160718 20160801 20160815 20160829 20160912 20160926 *1,20160331 20160428 20160526 20160623 20160721 20160818 20160915 20161013 20161110 *5,20160414 20160512 20160609 20160707 20160804 20160901 20160929 20161027 20161124 *5
沖浜,東部業務課,火 金,20160330 20160427 20160525 20160622 20160720 20160817 20160914 20161012 20161109 *4,20160406 20160420 20160504 20160518 20160601 20160615 20160629 20160713 20160727 20160810 20160824 20160907 20160921 *3,20160404 20160418 20160502 20160516 20160530 20160613 20160627 20160711 20160725 20160808 20160822 20160905 20160919 *1,20160421 20160519 20160616 20160714 20160811 20160908 20161006 20161103 20161201 *5,20160407 20160505 20160602 20160630 20160728 20160825 20160922 20161020 20161117 *5
沖浜町,東部業務課,火 金,20160330 20160427 20160525 20160622 20160720 20160817 20160914 20161012 20161109 *4,20160406 20160420 20160504 20160518 20160601 20160615 20160629 20160713 20160727 20160810 20160824 20160907 20160921 *3,20160404 20160418 20160502 20160516 20160530 20160613 20160627 20160711 20160725 20160808 20160822 20160905 20160919 *1,20160421 20160519 20160616 20160714 20160811 20160908 20161006 20161103 20161201 *5,20160407 20160505 20160602 20160630 20160728 20160825 20160922 20161020 20161117 *5
沖浜東,東部業務課,火 金,20160413 20160511 20160608 20160706 20160803 20160831 20160928 20161026 20161123 *4,20160406 20160420 20160504 20160518 20160601 20160615 20160629 20160713 20160727 20160810 20160824 20160907 20160921 *3,20160328 20160411 20160425 20160509 20160523 20160606 20160620 20160704 20160718 20160801 20160815 20160829 20160912 20160926 *1,20160331 20160428 20160526 20160623 20160721 20160818 20160915 20161013 20161110 *5,20160414 20160512 20160609 20160707 20160804 20160901 20160929 20161027 20161124 *5
籠屋町,東部業務課,火 金,20160413 20160511 20160608 20160706 20160803 20160831 20160928 20161026 20161123 *4,20160406 20160420 20160504 20160518 20160601 20160615 20160629 20160713 20160727 20160810 20160824 20160907 20160921 *3,20160328 20160411 20160425 20160509 20160523 20160606 20160620 20160704 20160718 20160801 20160815 20160829 20160912 20160926 *1,20160331 20160428 20160526 20160623 20160721 20160818 20160915 20161013 20161110 *5,20160414 20160512 20160609 20160707 20160804 20160901 20160929 20161027 20161124 *5
春日,西部業務課,火 金,20160413 20160511 20160608 20160706 20160803 20160831 20160928 20161026 20161123 *4,20160406 20160420 20160504 20160518 20160601 20160615 20160629 20160713 20160727 20160810 20160824 20160907 20160921 *3,20160328 20160411 20160425 20160509 20160523 20160606 20160620 20160704 20160718 20160801 20160815 20160829 20160912 20160926 *1,20160331 20160428 20160526 20160623 20160721 20160818 20160915 20161013 20161110 *5,20160414 20160512 20160609 20160707 20160804 20160901 20160929 20161027 20161124 *5
春日町宝野・若宮前,西部業務課,月 木,20160420 20160518 20160615 20160713 20160810 20160907 20161005 20161102 20161130 *4,20160330 20160413 20160427 20160511 20160525 20160608 20160622 20160706 20160720 20160803 20160817 20160831 20160914 20160928 *3,20160405 20160419 20160503 20160517 20160531 20160614 20160628 20160712 20160726 20160809 20160823 20160906 20160920 *2,20160415 20160513 20160610 20160708 20160805 20160902 20160930 20161028 20161125 *6,20160401 20160429 20160527 20160624 20160722 20160819 20160916 20161014 20161111 *6
方上町,東部業務課,火 金,20160330 20160427 20160525 20160622 20160720 20160817 20160914 20161012 20161109 *4,20160406 20160420 20160504 20160518 20160601 20160615 20160629 20160713 20160727 20160810 20160824 20160907 20160921 *3,20160404 20160418 20160502 20160516 20160530 20160613 20160627 20160711 20160725 20160808 20160822 20160905 20160919 *1,20160421 20160519 20160616 20160714 20160811 20160908 20161006 20161103 20161201 *5,20160407 20160505 20160602 20160630 20160728 20160825 20160922 20161020 20161117 *5
かちどき橋,東部業務課,火 金,20160413 20160511 20160608 20160706 20160803 20160831 20160928 20161026 20161123 *4,20160406 20160420 20160504 20160518 20160601 20160615 20160629 20160713 20160727 20160810 20160824 20160907 20160921 *3,20160328 20160411 20160425 20160509 20160523 20160606 20160620 20160704 20160718 20160801 20160815 20160829 20160912 20160926 *1,20160331 20160428 20160526 20160623 20160721 20160818 20160915 20161013 20161110 *5,20160414 20160512 20160609 20160707 20160804 20160901 20160929 20161027 20161124 *5
勝占町,東部業務課,火 金,20160330 20160427 20160525 20160622 20160720 20160817 20160914 20161012 20161109 *4,20160406 20160420 20160504 20160518 20160601 20160615 20160629 20160713 20160727 20160810 20160824 20160907 20160921 *3,20160404 20160418 20160502 20160516 20160530 20160613 20160627 20160711 20160725 20160808 20160822 20160905 20160919 *1,20160421 20160519 20160616 20160714 20160811 20160908 20161006 20161103 20161201 *5,20160407 20160505 20160602 20160630 20160728 20160825 20160922 20161020 20161117 *5
金沢,東部業務課,月 木,20160420 20160518 20160615 20160713 20160810 20160907 20161005 20161102 20161130 *4,20160330 20160413 20160427 20160511 20160525 20160608 20160622 20160706 20160720 20160803 20160817 20160831 20160914 20160928 *3,20160405 20160419 20160503 20160517 20160531 20160614 20160628 20160712 20160726 20160809 20160823 20160906 20160920 *2,20160415 20160513 20160610 20160708 20160805 20160902 20160930 20161028 20161125 *6,20160401 20160429 20160527 20160624 20160722 20160819 20160916 20161014 20161111 *6
上助任町（ただし、三本松の一部を除く）,西部業務課,火 金,20160330 20160427 20160525 20160622 20160720 20160817 20160914 20161012 20161109 *4,20160406 20160420 20160504 20160518 20160601 20160615 20160629 20160713 20160727 20160810 20160824 20160907 20160921 *3,20160404 20160418 20160502 20160516 20160530 20160613 20160627 20160711 20160725 20160808 20160822 20160905 20160919 *1,20160421 20160519 20160616 20160714 20160811 20160908 20161006 20161103 20161201 *5,20160407 20160505 20160602 20160630 20160728 20160825 20160922 20161020 20161117 *5
※上助任町三本松の一部,西部業務課,火 金,20160413 20160511 20160608 20160706 20160803 20160831 20160928 20161026 20161123 *4,20160406 20160420 20160504 20160518 20160601 20160615 20160629 20160713 20160727 20160810 20160824 20160907 20160921 *3,20160328 20160411 20160425 20160509 20160523 20160606 20160620 20160704 20160718 20160801 20160815 20160829 20160912 20160926 *1,20160331 20160428 20160526 20160623 20160721 20160818 20160915 20161013 20161110 *5,20160414 20160512 20160609 20160707 20160804 20160901 20160929 20161027 20161124 *5
上八万町,西部業務課,月 木,20160406 20160504 20160601 20160629 20160727 20160824 20160921 20161019 20161116 *4,20160330 20160413 20160427 20160511 20160525 20160608 20160622 20160706 20160720 20160803 20160817 20160831 20160914 20160928 *3,20160329 20160412 20160426 20160510 20160524 20160607 20160621 20160705 20160719 20160802 20160816 20160830 20160913 20160927 *2,20160422 20160520 20160617 20160715 20160812 20160909 20161007 20161104 20161202 *6,20160408 20160506 20160603 20160701 20160729 20160826 20160923 20161021 20161118 *6
上吉野町,西部業務課,火 金,20160330 20160427 20160525 20160622 20160720 20160817 20160914 20161012 20161109 *4,20160406 20160420 20160504 20160518 20160601 20160615 20160629 20160713 20160727 20160810 20160824 20160907 20160921 *3,20160404 20160418 20160502 20160516 20160530 20160613 20160627 20160711 20160725 20160808 20160822 20160905 20160919 *1,20160421 20160519 20160616 20160714 20160811 20160908 20161006 20161103 20161201 *5,20160407 20160505 20160602 20160630 20160728 20160825 20160922 20161020 20161117 *5
加茂名町,西部業務課,月 木,20160420 20160518 20160615 20160713 20160810 20160907 20161005 20161102 20161130 *4,20160330 20160413 20160427 20160511 20160525 20160608 20160622 20160706 20160720 20160803 20160817 20160831 20160914 20160928 *3,20160405 20160419 20160503 20160517 20160531 20160614 20160628 20160712 20160726 20160809 20160823 20160906 20160920 *2,20160415 20160513 20160610 20160708 20160805 20160902 20160930 20161028 20161125 *6,20160401 20160429 20160527 20160624 20160722 20160819 20160916 20161014 20161111 *6
川内町（県道39号線から西側）,西部業務課,月 木,20160406 20160504 20160601 20160629 20160727 20160824 20160921 20161019 20161116 *4,20160330 20160413 20160427 20160511 20160525 20160608 20160622 20160706 20160720 20160803 20160817 20160831 20160914 20160928 *3,20160329 20160412 20160426 20160510 20160524 20160607 20160621 20160705 20160719 20160802 20160816 20160830 20160913 20160927 *2,20160422 20160520 20160617 20160715 20160812 20160909 20161007 20161104 20161202 *6,20160408 20160506 20160603 20160701 20160729 20160826 20160923 20161021 20161118 *6
川内町（県道39号線から東側）,西部業務課,火 金,20160413 20160511 20160608 20160706 20160803 20160831 20160928 20161026 20161123 *4,20160406 20160420 20160504 20160518 20160601 20160615 20160629 20160713 20160727 20160810 20160824 20160907 20160921 *3,20160328 20160411 20160425 20160509 20160523 20160606 20160620 20160704 20160718 20160801 20160815 20160829 20160912 20160926 *1,20160331 20160428 20160526 20160623 20160721 20160818 20160915 20161013 20161110 *5,20160414 20160512 20160609 20160707 20160804 20160901 20160929 20161027 20161124 *5
北沖洲,東部業務課,月 木,20160420 20160518 20160615 20160713 20160810 20160907 20161005 20161102 20161130 *4,20160330 20160413 20160427 20160511 20160525 20160608 20160622 20160706 20160720 20160803 20160817 20160831 20160914 20160928 *3,20160405 20160419 20160503 20160517 20160531 20160614 20160628 20160712 20160726 20160809 20160823 20160906 20160920 *2,20160415 20160513 20160610 20160708 20160805 20160902 20160930 20161028 20161125 *6,20160401 20160429 20160527 20160624 20160722 20160819 20160916 20161014 20161111 *6
北佐古一番町・二番町,西部業務課,火 金,20160330 20160427 20160525 20160622 20160720 20160817 20160914 20161012 20161109 *4,20160406 20160420 20160504 20160518 20160601 20160615 20160629 20160713 20160727 20160810 20160824 20160907 20160921 *3,20160404 20160418 20160502 20160516 20160530 20160613 20160627 20160711 20160725 20160808 20160822 20160905 20160919 *1,20160421 20160519 20160616 20160714 20160811 20160908 20161006 20161103 20161201 *5,20160407 20160505 20160602 20160630 20160728 20160825 20160922 20161020 20161117 *5
北島田町（ただし、１丁目の一部を除く）,西部業務課,月 木,20160420 20160518 20160615 20160713 20160810 20160907 20161005 20161102 20161130 *4,20160330 20160413 20160427 20160511 20160525 20160608 20160622 20160706 20160720 20160803 20160817 20160831 20160914 20160928 *3,20160405 20160419 20160503 20160517 20160531 20160614 20160628 20160712 20160726 20160809 20160823 20160906 20160920 *2,20160415 20160513 20160610 20160708 20160805 20160902 20160930 20161028 20161125 *6,20160401 20160429 20160527 20160624 20160722 20160819 20160916 20161014 20161111 *6
※北島田町１丁目の一部,西部業務課,火 金,20160413 20160511 20160608 20160706 20160803 20160831 20160928 20161026 20161123 *4,20160406 20160420 20160504 20160518 20160601 20160615 20160629 20160713 20160727 20160810 20160824 20160907 20160921 *3,20160328 20160411 20160425 20160509 20160523 20160606 20160620 20160704 20160718 20160801 20160815 20160829 20160912 20160926 *1,20160331 20160428 20160526 20160623 20160721 20160818 20160915 20161013 20161110 *5,20160414 20160512 20160609 20160707 20160804 20160901 20160929 20161027 20161124 *5
北常三島町,西部業務課,火 金,20160330 20160427 20160525 20160622 20160720 20160817 20160914 20161012 20161109 *4,20160406 20160420 20160504 20160518 20160601 20160615 20160629 20160713 20160727 20160810 20160824 20160907 20160921 *3,20160404 20160418 20160502 20160516 20160530 20160613 20160627 20160711 20160725 20160808 20160822 20160905 20160919 *1,20160421 20160519 20160616 20160714 20160811 20160908 20161006 20161103 20161201 *5,20160407 20160505 20160602 20160630 20160728 20160825 20160922 20161020 20161117 *5
北田宮（ただし、１丁目６・８番の一部を除く）,西部業務課,火 金,20160413 20160511 20160608 20160706 20160803 20160831 20160928 20161026 20161123 *4,20160406 20160420 20160504 20160518 20160601 20160615 20160629 20160713 20160727 20160810 20160824 20160907 20160921 *3,20160328 20160411 20160425 20160509 20160523 20160606 20160620 20160704 20160718 20160801 20160815 20160829 20160912 20160926 *1,20160331 20160428 20160526 20160623 20160721 20160818 20160915 20161013 20161110 *5,20160414 20160512 20160609 20160707 20160804 20160901 20160929 20161027 20161124 *5
※北田宮一丁目６・８番の一部,西部業務課,火 金,20160330 20160427 20160525 20160622 20160720 20160817 20160914 20161012 20161109 *4,20160406 20160420 20160504 20160518 20160601 20160615 20160629 20160713 20160727 20160810 20160824 20160907 20160921 *3,20160404 20160418 20160502 20160516 20160530 20160613 20160627 20160711 20160725 20160808 20160822 20160905 20160919 *1,20160421 20160519 20160616 20160714 20160811 20160908 20161006 20161103 20161201 *5,20160407 20160505 20160602 20160630 20160728 20160825 20160922 20161020 20161117 *5
北出来島町,東部業務課,月 木,20160406 20160504 20160601 20160629 20160727 20160824 20160921 20161019 20161116 *4,20160330 20160413 20160427 20160511 20160525 20160608 20160622 20160706 20160720 20160803 20160817 20160831 20160914 20160928 *3,20160329 20160412 20160426 20160510 20160524 20160607 20160621 20160705 20160719 20160802 20160816 20160830 20160913 20160927 *2,20160422 20160520 20160617 20160715 20160812 20160909 20161007 20161104 20161202 *6,20160408 20160506 20160603 20160701 20160729 20160826 20160923 20161021 20161118 *6
北前川町,西部業務課,火 金,20160330 20160427 20160525 20160622 20160720 20160817 20160914 20161012 20161109 *4,20160406 20160420 20160504 20160518 20160601 20160615 20160629 20160713 20160727 20160810 20160824 20160907 20160921 *3,20160404 20160418 20160502 20160516 20160530 20160613 20160627 20160711 20160725 20160808 20160822 20160905 20160919 *1,20160421 20160519 20160616 20160714 20160811 20160908 20161006 20161103 20161201 *5,20160407 20160505 20160602 20160630 20160728 20160825 20160922 20161020 20161117 *5
北矢三町（ただし、四丁目２～５番の一部を除く）,西部業務課,火 金,20160413 20160511 20160608 20160706 20160803 20160831 20160928 20161026 20161123 *4,20160406 20160420 20160504 20160518 20160601 20160615 20160629 20160713 20160727 20160810 20160824 20160907 20160921 *3,20160328 20160411 20160425 20160509 20160523 20160606 20160620 20160704 20160718 20160801 20160815 20160829 20160912 20160926 *1,20160331 20160428 20160526 20160623 20160721 20160818 20160915 20161013 20161110 *5,20160414 20160512 20160609 20160707 20160804 20160901 20160929 20161027 20161124 *5
※北矢三町四丁目２～５番の一部,西部業務課,月 木,20160420 20160518 20160615 20160713 20160810 20160907 20161005 20161102 20161130 *4,20160330 20160413 20160427 20160511 20160525 20160608 20160622 20160706 20160720 20160803 20160817 20160831 20160914 20160928 *3,20160405 20160419 20160503 20160517 20160531 20160614 20160628 20160712 20160726 20160809 20160823 20160906 20160920 *2,20160415 20160513 20160610 20160708 20160805 20160902 20160930 20161028 20161125 *6,20160401 20160429 20160527 20160624 20160722 20160819 20160916 20161014 20161111 *6
北山町,東部業務課,火 金,20160330 20160427 20160525 20160622 20160720 20160817 20160914 20161012 20161109 *4,20160406 20160420 20160504 20160518 20160601 20160615 20160629 20160713 20160727 20160810 20160824 20160907 20160921 *3,20160404 20160418 20160502 20160516 20160530 20160613 20160627 20160711 20160725 20160808 20160822 20160905 20160919 *1,20160421 20160519 20160616 20160714 20160811 20160908 20161006 20161103 20161201 *5,20160407 20160505 20160602 20160630 20160728 20160825 20160922 20161020 20161117 *5
銀座,東部業務課,火 金,20160413 20160511 20160608 20160706 20160803 20160831 20160928 20161026 20161123 *4,20160406 20160420 20160504 20160518 20160601 20160615 20160629 20160713 20160727 20160810 20160824 20160907 20160921 *3,20160328 20160411 20160425 20160509 20160523 20160606 20160620 20160704 20160718 20160801 20160815 20160829 20160912 20160926 *1,20160331 20160428 20160526 20160623 20160721 20160818 20160915 20161013 20161110 *5,20160414 20160512 20160609 20160707 20160804 20160901 20160929 20161027 20161124 *5
蔵本町,西部業務課,月 木,20160420 20160518 20160615 20160713 20160810 20160907 20161005 20161102 20161130 *4,20160330 20160413 20160427 20160511 20160525 20160608 20160622 20160706 20160720 20160803 20160817 20160831 20160914 20160928 *3,20160405 20160419 20160503 20160517 20160531 20160614 20160628 20160712 20160726 20160809 20160823 20160906 20160920 *2,20160415 20160513 20160610 20160708 20160805 20160902 20160930 20161028 20161125 *6,20160401 20160429 20160527 20160624 20160722 20160819 20160916 20161014 20161111 *6
蔵本元町,西部業務課,月 木,20160420 20160518 20160615 20160713 20160810 20160907 20161005 20161102 20161130 *4,20160330 20160413 20160427 20160511 20160525 20160608 20160622 20160706 20160720 20160803 20160817 20160831 20160914 20160928 *3,20160405 20160419 20160503 20160517 20160531 20160614 20160628 20160712 20160726 20160809 20160823 20160906 20160920 *2,20160415 20160513 20160610 20160708 20160805 20160902 20160930 20161028 20161125 *6,20160401 20160429 20160527 20160624 20160722 20160819 20160916 20161014 20161111 *6
国府町,西部業務課,月 木,20160406 20160504 20160601 20160629 20160727 20160824 20160921 20161019 20161116 *4,20160330 20160413 20160427 20160511 20160525 20160608 20160622 20160706 20160720 20160803 20160817 20160831 20160914 20160928 *3,20160329 20160412 20160426 20160510 20160524 20160607 20160621 20160705 20160719 20160802 20160816 20160830 20160913 20160927 *2,20160422 20160520 20160617 20160715 20160812 20160909 20161007 20161104 20161202 *6,20160408 20160506 20160603 20160701 20160729 20160826 20160923 20161021 20161118 *6
紺屋町,東部業務課,火 金,20160413 20160511 20160608 20160706 20160803 20160831 20160928 20161026 20161123 *4,20160406 20160420 20160504 20160518 20160601 20160615 20160629 20160713 20160727 20160810 20160824 20160907 20160921 *3,20160328 20160411 20160425 20160509 20160523 20160606 20160620 20160704 20160718 20160801 20160815 20160829 20160912 20160926 *1,20160331 20160428 20160526 20160623 20160721 20160818 20160915 20161013 20161110 *5,20160414 20160512 20160609 20160707 20160804 20160901 20160929 20161027 20161124 *5
雑賀町,東部業務課,月 木,20160420 20160518 20160615 20160713 20160810 20160907 20161005 20161102 20161130 *4,20160330 20160413 20160427 20160511 20160525 20160608 20160622 20160706 20160720 20160803 20160817 20160831 20160914 20160928 *3,20160405 20160419 20160503 20160517 20160531 20160614 20160628 20160712 20160726 20160809 20160823 20160906 20160920 *2,20160415 20160513 20160610 20160708 20160805 20160902 20160930 20161028 20161125 *6,20160401 20160429 20160527 20160624 20160722 20160819 20160916 20161014 20161111 *6
幸町,東部業務課,月 木,20160406 20160504 20160601 20160629 20160727 20160824 20160921 20161019 20161116 *4,20160330 20160413 20160427 20160511 20160525 20160608 20160622 20160706 20160720 20160803 20160817 20160831 20160914 20160928 *3,20160329 20160412 20160426 20160510 20160524 20160607 20160621 20160705 20160719 20160802 20160816 20160830 20160913 20160927 *2,20160422 20160520 20160617 20160715 20160812 20160909 20161007 20161104 20161202 *6,20160408 20160506 20160603 20160701 20160729 20160826 20160923 20161021 20161118 *6
栄町,東部業務課,火 金,20160413 20160511 20160608 20160706 20160803 20160831 20160928 20161026 20161123 *4,20160406 20160420 20160504 20160518 20160601 20160615 20160629 20160713 20160727 20160810 20160824 20160907 20160921 *3,20160328 20160411 20160425 20160509 20160523 20160606 20160620 20160704 20160718 20160801 20160815 20160829 20160912 20160926 *1,20160331 20160428 20160526 20160623 20160721 20160818 20160915 20161013 20161110 *5,20160414 20160512 20160609 20160707 20160804 20160901 20160929 20161027 20161124 *5
佐古一番町～八番町（ただし、八番町６・７番の一部を除く）,西部業務課,火 金,20160330 20160427 20160525 20160622 20160720 20160817 20160914 20161012 20161109 *4,20160406 20160420 20160504 20160518 20160601 20160615 20160629 20160713 20160727 20160810 20160824 20160907 20160921 *3,20160404 20160418 20160502 20160516 20160530 20160613 20160627 20160711 20160725 20160808 20160822 20160905 20160919 *1,20160421 20160519 20160616 20160714 20160811 20160908 20161006 20161103 20161201 *5,20160407 20160505 20160602 20160630 20160728 20160825 20160922 20161020 20161117 *5
※佐古八番町６・７番の一部,西部業務課,月 木,20160420 20160518 20160615 20160713 20160810 20160907 20161005 20161102 20161130 *4,20160330 20160413 20160427 20160511 20160525 20160608 20160622 20160706 20160720 20160803 20160817 20160831 20160914 20160928 *3,20160405 20160419 20160503 20160517 20160531 20160614 20160628 20160712 20160726 20160809 20160823 20160906 20160920 *2,20160415 20160513 20160610 20160708 20160805 20160902 20160930 20161028 20161125 *6,20160401 20160429 20160527 20160624 20160722 20160819 20160916 20161014 20161111 *6
佐古山町,西部業務課,火 金,20160330 20160427 20160525 20160622 20160720 20160817 20160914 20161012 20161109 *4,20160406 20160420 20160504 20160518 20160601 20160615 20160629 20160713 20160727 20160810 20160824 20160907 20160921 *3,20160404 20160418 20160502 20160516 20160530 20160613 20160627 20160711 20160725 20160808 20160822 20160905 20160919 *1,20160421 20160519 20160616 20160714 20160811 20160908 20161006 20161103 20161201 *5,20160407 20160505 20160602 20160630 20160728 20160825 20160922 20161020 20161117 *5
三軒屋町,東部業務課,火 金,20160330 20160427 20160525 20160622 20160720 20160817 20160914 20161012 20161109 *4,20160406 20160420 20160504 20160518 20160601 20160615 20160629 20160713 20160727 20160810 20160824 20160907 20160921 *3,20160404 20160418 20160502 20160516 20160530 20160613 20160627 20160711 20160725 20160808 20160822 20160905 20160919 *1,20160421 20160519 20160616 20160714 20160811 20160908 20161006 20161103 20161201 *5,20160407 20160505 20160602 20160630 20160728 20160825 20160922 20161020 20161117 *5
渋野町,東部業務課,火 金,20160330 20160427 20160525 20160622 20160720 20160817 20160914 20161012 20161109 *4,20160406 20160420 20160504 20160518 20160601 20160615 20160629 20160713 20160727 20160810 20160824 20160907 20160921 *3,20160404 20160418 20160502 20160516 20160530 20160613 20160627 20160711 20160725 20160808 20160822 20160905 20160919 *1,20160421 20160519 20160616 20160714 20160811 20160908 20161006 20161103 20161201 *5,20160407 20160505 20160602 20160630 20160728 20160825 20160922 20161020 20161117 *5
下助任町,西部業務課,火 金,20160330 20160427 20160525 20160622 20160720 20160817 20160914 20161012 20161109 *4,20160406 20160420 20160504 20160518 20160601 20160615 20160629 20160713 20160727 20160810 20160824 20160907 20160921 *3,20160404 20160418 20160502 20160516 20160530 20160613 20160627 20160711 20160725 20160808 20160822 20160905 20160919 *1,20160421 20160519 20160616 20160714 20160811 20160908 20161006 20161103 20161201 *5,20160407 20160505 20160602 20160630 20160728 20160825 20160922 20161020 20161117 *5
下町,西部業務課,月 木,20160406 20160504 20160601 20160629 20160727 20160824 20160921 20161019 20161116 *4,20160330 20160413 20160427 20160511 20160525 20160608 20160622 20160706 20160720 20160803 20160817 20160831 20160914 20160928 *3,20160329 20160412 20160426 20160510 20160524 20160607 20160621 20160705 20160719 20160802 20160816 20160830 20160913 20160927 *2,20160422 20160520 20160617 20160715 20160812 20160909 20161007 20161104 20161202 *6,20160408 20160506 20160603 20160701 20160729 20160826 20160923 20161021 20161118 *6
城東町,東部業務課,月 木,20160406 20160504 20160601 20160629 20160727 20160824 20160921 20161019 20161116 *4,20160330 20160413 20160427 20160511 20160525 20160608 20160622 20160706 20160720 20160803 20160817 20160831 20160914 20160928 *3,20160329 20160412 20160426 20160510 20160524 20160607 20160621 20160705 20160719 20160802 20160816 20160830 20160913 20160927 *2,20160422 20160520 20160617 20160715 20160812 20160909 20161007 20161104 20161202 *6,20160408 20160506 20160603 20160701 20160729 20160826 20160923 20161021 20161118 *6
城南町,東部業務課,火 金,20160330 20160427 20160525 20160622 20160720 20160817 20160914 20161012 20161109 *4,20160406 20160420 20160504 20160518 20160601 20160615 20160629 20160713 20160727 20160810 20160824 20160907 20160921 *3,20160404 20160418 20160502 20160516 20160530 20160613 20160627 20160711 20160725 20160808 20160822 20160905 20160919 *1,20160421 20160519 20160616 20160714 20160811 20160908 20161006 20161103 20161201 *5,20160407 20160505 20160602 20160630 20160728 20160825 20160922 20161020 20161117 *5
庄町,西部業務課,月 木,20160420 20160518 20160615 20160713 20160810 20160907 20161005 20161102 20161130 *4,20160330 20160413 20160427 20160511 20160525 20160608 20160622 20160706 20160720 20160803 20160817 20160831 20160914 20160928 *3,20160405 20160419 20160503 20160517 20160531 20160614 20160628 20160712 20160726 20160809 20160823 20160906 20160920 *2,20160415 20160513 20160610 20160708 20160805 20160902 20160930 20161028 20161125 *6,20160401 20160429 20160527 20160624 20160722 20160819 20160916 20161014 20161111 *6
丈六町,東部業務課,火 金,20160330 20160427 20160525 20160622 20160720 20160817 20160914 20161012 20161109 *4,20160406 20160420 20160504 20160518 20160601 20160615 20160629 20160713 20160727 20160810 20160824 20160907 20160921 *3,20160404 20160418 20160502 20160516 20160530 20160613 20160627 20160711 20160725 20160808 20160822 20160905 20160919 *1,20160421 20160519 20160616 20160714 20160811 20160908 20161006 20161103 20161201 *5,20160407 20160505 20160602 20160630 20160728 20160825 20160922 20161020 20161117 *5
昭和町,東部業務課,火 金,20160413 20160511 20160608 20160706 20160803 20160831 20160928 20161026 20161123 *4,20160406 20160420 20160504 20160518 20160601 20160615 20160629 20160713 20160727 20160810 20160824 20160907 20160921 *3,20160328 20160411 20160425 20160509 20160523 20160606 20160620 20160704 20160718 20160801 20160815 20160829 20160912 20160926 *1,20160331 20160428 20160526 20160623 20160721 20160818 20160915 20161013 20161110 *5,20160414 20160512 20160609 20160707 20160804 20160901 20160929 20161027 20161124 *5
新内町,東部業務課,月 木,20160406 20160504 20160601 20160629 20160727 20160824 20160921 20161019 20161116 *4,20160330 20160413 20160427 20160511 20160525 20160608 20160622 20160706 20160720 20160803 20160817 20160831 20160914 20160928 *3,20160329 20160412 20160426 20160510 20160524 20160607 20160621 20160705 20160719 20160802 20160816 20160830 20160913 20160927 *2,20160422 20160520 20160617 20160715 20160812 20160909 20161007 20161104 20161202 *6,20160408 20160506 20160603 20160701 20160729 20160826 20160923 20161021 20161118 *6
新蔵町,東部業務課,月 木,20160406 20160504 20160601 20160629 20160727 20160824 20160921 20161019 20161116 *4,20160330 20160413 20160427 20160511 20160525 20160608 20160622 20160706 20160720 20160803 20160817 20160831 20160914 20160928 *3,20160329 20160412 20160426 20160510 20160524 20160607 20160621 20160705 20160719 20160802 20160816 20160830 20160913 20160927 *2,20160422 20160520 20160617 20160715 20160812 20160909 20161007 20161104 20161202 *6,20160408 20160506 20160603 20160701 20160729 20160826 20160923 20161021 20161118 *6
新浜町,東部業務課,月 木,20160420 20160518 20160615 20160713 20160810 20160907 20161005 20161102 20161130 *4,20160330 20160413 20160427 20160511 20160525 20160608 20160622 20160706 20160720 20160803 20160817 20160831 20160914 20160928 *3,20160405 20160419 20160503 20160517 20160531 20160614 20160628 20160712 20160726 20160809 20160823 20160906 20160920 *2,20160415 20160513 20160610 20160708 20160805 20160902 20160930 20161028 20161125 *6,20160401 20160429 20160527 20160624 20160722 20160819 20160916 20161014 20161111 *6
新浜本町,東部業務課,月 木,20160420 20160518 20160615 20160713 20160810 20160907 20161005 20161102 20161130 *4,20160330 20160413 20160427 20160511 20160525 20160608 20160622 20160706 20160720 20160803 20160817 20160831 20160914 20160928 *3,20160405 20160419 20160503 20160517 20160531 20160614 20160628 20160712 20160726 20160809 20160823 20160906 20160920 *2,20160415 20160513 20160610 20160708 20160805 20160902 20160930 20161028 20161125 *6,20160401 20160429 20160527 20160624 20160722 20160819 20160916 20161014 20161111 *6
新町橋,東部業務課,火 金,20160413 20160511 20160608 20160706 20160803 20160831 20160928 20161026 20161123 *4,20160406 20160420 20160504 20160518 20160601 20160615 20160629 20160713 20160727 20160810 20160824 20160907 20160921 *3,20160328 20160411 20160425 20160509 20160523 20160606 20160620 20160704 20160718 20160801 20160815 20160829 20160912 20160926 *1,20160331 20160428 20160526 20160623 20160721 20160818 20160915 20161013 20161110 *5,20160414 20160512 20160609 20160707 20160804 20160901 20160929 20161027 20161124 *5
新南福島,東部業務課,月 木,20160406 20160504 20160601 20160629 20160727 20160824 20160921 20161019 20161116 *4,20160330 20160413 20160427 20160511 20160525 20160608 20160622 20160706 20160720 20160803 20160817 20160831 20160914 20160928 *3,20160329 20160412 20160426 20160510 20160524 20160607 20160621 20160705 20160719 20160802 20160816 20160830 20160913 20160927 *2,20160422 20160520 20160617 20160715 20160812 20160909 20161007 20161104 20161202 *6,20160408 20160506 20160603 20160701 20160729 20160826 20160923 20161021 20161118 *6
末広,東部業務課,月 木,20160406 20160504 20160601 20160629 20160727 20160824 20160921 20161019 20161116 *4,20160330 20160413 20160427 20160511 20160525 20160608 20160622 20160706 20160720 20160803 20160817 20160831 20160914 20160928 *3,20160329 20160412 20160426 20160510 20160524 20160607 20160621 20160705 20160719 20160802 20160816 20160830 20160913 20160927 *2,20160422 20160520 20160617 20160715 20160812 20160909 20161007 20161104 20161202 *6,20160408 20160506 20160603 20160701 20160729 20160826 20160923 20161021 20161118 *6
助任橋,西部業務課,火 金,20160330 20160427 20160525 20160622 20160720 20160817 20160914 20161012 20161109 *4,20160406 20160420 20160504 20160518 20160601 20160615 20160629 20160713 20160727 20160810 20160824 20160907 20160921 *3,20160404 20160418 20160502 20160516 20160530 20160613 20160627 20160711 20160725 20160808 20160822 20160905 20160919 *1,20160421 20160519 20160616 20160714 20160811 20160908 20161006 20161103 20161201 *5,20160407 20160505 20160602 20160630 20160728 20160825 20160922 20161020 20161117 *5
助任本町,西部業務課,火 金,20160330 20160427 20160525 20160622 20160720 20160817 20160914 20161012 20161109 *4,20160406 20160420 20160504 20160518 20160601 20160615 20160629 20160713 20160727 20160810 20160824 20160907 20160921 *3,20160404 20160418 20160502 20160516 20160530 20160613 20160627 20160711 20160725 20160808 20160822 20160905 20160919 *1,20160421 20160519 20160616 20160714 20160811 20160908 20161006 20161103 20161201 *5,20160407 20160505 20160602 20160630 20160728 20160825 20160922 20161020 20161117 *5
住吉,東部業務課,月 木,20160406 20160504 20160601 20160629 20160727 20160824 20160921 20161019 20161116 *4,20160330 20160413 20160427 20160511 20160525 20160608 20160622 20160706 20160720 20160803 20160817 20160831 20160914 20160928 *3,20160329 20160412 20160426 20160510 20160524 20160607 20160621 20160705 20160719 20160802 20160816 20160830 20160913 20160927 *2,20160422 20160520 20160617 20160715 20160812 20160909 20161007 20161104 20161202 *6,20160408 20160506 20160603 20160701 20160729 20160826 20160923 20161021 20161118 *6
勢見町,東部業務課,火 金,20160413 20160511 20160608 20160706 20160803 20160831 20160928 20161026 20161123 *4,20160406 20160420 20160504 20160518 20160601 20160615 20160629 20160713 20160727 20160810 20160824 20160907 20160921 *3,20160328 20160411 20160425 20160509 20160523 20160606 20160620 20160704 20160718 20160801 20160815 20160829 20160912 20160926 *1,20160331 20160428 20160526 20160623 20160721 20160818 20160915 20161013 20161110 *5,20160414 20160512 20160609 20160707 20160804 20160901 20160929 20161027 20161124 *5
鷹匠町,東部業務課,火 金,20160413 20160511 20160608 20160706 20160803 20160831 20160928 20161026 20161123 *4,20160406 20160420 20160504 20160518 20160601 20160615 20160629 20160713 20160727 20160810 20160824 20160907 20160921 *3,20160328 20160411 20160425 20160509 20160523 20160606 20160620 20160704 20160718 20160801 20160815 20160829 20160912 20160926 *1,20160331 20160428 20160526 20160623 20160721 20160818 20160915 20161013 20161110 *5,20160414 20160512 20160609 20160707 20160804 20160901 20160929 20161027 20161124 *5
